 254 254 254 254 254 254 254 176 193 253 253 159 130 136 173 248
 254 254 254 254 254 254 247  85 104 244 253  89 208 221 100 206
 254 254 254 254 254 254 174 149 117 211 252  93 145 157  96 229
 254 254 254 254 254 252 103 144 113 125 251  95 184 105 178 254
 254 254 254 254 254 215 106 198 194  83 235 103 230 227  82 230
 254 254 254 254 254 211 203 253 253 197 218 181 242 254 190 200
 253 251 254 254 254 254 254 254 254 254 254 255 255 255 255 255
 252 168 248 254 254 254 254 254 254 254 254 255 255 255 255 255
 254  97 134 249 254 254 254 254 254 254 254 255 255 255 255 255
 253 107  64 137 246 254 254 254 254 254 255 255 255 255 255 255
 254 109  73  58 137 245 254 254 254 254 255 255 255 255 255 255
 253 106  71  72  55 140 242 254 254 254 255 255 255 255 255 255
 252 103  70  70  70  57 139 247 254 255 255 255 255 255 255 255
 251 102  69  67  71  71  61 145 250 255 255 255 255 255 255 255
 253 123  99  92 100 100  93  96 179 253 255 255 255 255 255 255
 254 251 244 240 244 250 249 249 247 253 255 255 255 255 254 243
 254 254 254 254 254 254 254 184 209 254 254 168 151 159 194 251
 254 254 254 254 254 254 247 105 134 252 254 104 223 232 121 225
 254 254 254 254 254 254 183 183 143 228 254 113 168 174 129 241
 254 254 254 254 254 253 120 167 131 158 254 113 203 124 200 250
 254 254 254 254 254 218 130 216 208 110 246 127 241 231 115 234
 254 254 254 254 254 222 223 254 253 207 230 192 246 250 199 219
 254 253 254 254 254 254 254 254 254 254 253 252 250 249 247 245
 254 185 249 254 254 254 254 254 254 254 253 251 249 247 245 244
 254 108 160 251 254 254 254 254 254 254 252 250 248 245 244 243
 253 114  78 164 252 254 254 254 254 253 251 249 247 245 243 243
 254 113  81  74 160 252 254 254 254 253 250 249 246 244 243 243
 253 108  79  80  75 168 250 254 254 252 250 248 245 244 243 243
 253 107  76  77  81  77 162 250 254 252 250 248 245 244 243 243
 253 107  79  77  79  84  81 168 251 252 250 248 245 244 243 243
 254 135 114 109 118 117 115 121 195 252 250 248 246 244 243 243
 254 252 252 250 252 253 252 251 252 252 250 248 246 244 244 247
 254 254 254 254 254 254 252 188 224 254 253 174 165 176 207 254
 254 254 254 254 254 254 246 112 158 253 252 120 239 237 136 237
 254 254 254 254 254 253 187 203 153 236 253 130 184 184 149 249
 254 254 254 254 254 251 131 181 137 178 253 132 214 134 218 255
 254 254 254 254 253 219 147 230 218 130 251 145 247 235 136 246
 254 254 254 254 253 230 235 254 253 216 241 208 251 255 218 236
 254 254 254 254 254 254 254 254 254 254 254 255 255 255 255 255
 252 198 253 254 254 254 254 254 254 254 254 255 255 255 255 255
 251 116 179 253 254 254 254 254 254 254 255 255 255 255 255 255
 252 116  89 184 254 254 254 254 254 254 255 255 255 255 255 255
 251 112  85  84 184 254 254 254 254 255 255 255 255 255 255 255
 250 106  81  85  85 188 253 254 254 255 255 255 255 255 255 255
 250 106  81  80  85  91 182 253 254 255 255 255 255 255 255 255
 251 105  83  81  83  88  89 186 254 255 255 255 255 255 255 255
 253 144 129 120 129 133 132 145 217 255 255 255 255 255 255 255
 254 254 252 249 251 253 252 251 252 254 255 255 255 255 255 255

 248 206 229 254 230 200 255 255 255 255 255 255 255 255 255 243
 173 100  96 178  82 190 255 255 255 255 255 255 255 255 255 254
 136 221 157 105 227 254 255 255 255 255 255 255 255 255 255 255
 130 208 145 184 230 242 255 255 255 255 255 255 255 255 255 255
 159  89  93  95 103 181 255 255 255 255 255 255 255 255 255 255
 253 253 252 251 235 218 254 254 254 255 255 255 255 255 255 255
 253 244 211 125  83 197 254 254 254 254 254 254 255 255 253 253
 193 104 117 113 194 253 254 254 254 254 254 254 254 250 179 247
 176  85 149 144 198 253 254 254 254 254 254 254 247 145  96 249
 254 247 174 103 106 203 254 254 254 254 254 242 139  61  93 249
 254 254 254 252 215 211 254 254 254 254 245 140  57  71 100 250
 254 254 254 254 254 254 254 254 254 246 137  55  70  71 100 244
 254 254 254 254 254 254 254 254 249 137  58  72  70  67  92 240
 254 254 254 254 254 254 254 248 134  64  73  71  70  69  99 244
 254 254 254 254 254 254 251 168  97 107 109 106 103 102 123 251
 254 254 254 254 254 254 253 252 254 253 254 253 252 251 253 254
 251 225 241 250 234 219 245 244 243 243 243 243 243 243 243 247
 194 121 129 200 115 199 247 245 244 243 243 243 243 243 243 244
 159 232 174 124 231 250 249 247 245 245 244 244 244 244 244 244
 151 223 168 203 241 246 250 249 248 247 246 245 245 245 246 246
 168 104 113 113 127 192 252 251 250 249 249 248 248 248 248 248
 254 254 254 254 246 230 253 253 252 251 250 250 250 250 250 250
 254 252 228 158 110 207 254 254 254 253 253 252 252 252 252 252
 209 134 143 131 208 253 254 254 254 254 254 254 254 251 195 252
 184 105 183 167 216 254 254 254 254 254 254 254 250 168 121 251
 254 247 183 120 130 223 254 254 254 254 254 250 162  81 115 252
 254 254 254 253 218 222 254 254 254 254 252 168  77  84 117 253
 254 254 254 254 254 254 254 254 254 252 160  75  81  79 118 252
 254 254 254 254 254 254 254 254 251 164  74  80  77  77 109 250
 254 254 254 254 254 254 254 249 160  78  81  79  76  79 114 252
 254 254 254 254 254 254 253 185 108 114 113 108 107 107 135 252
 254 254 254 254 254 254 254 254 254 253 254 253 253 253 254 254
 254 237 249 255 246 236 255 255 255 255 255 255 255 255 255 255
 207 136 149 218 136 218 255 255 255 255 255 255 255 255 255 255
 176 237 184 134 235 255 255 255 255 255 255 255 255 255 255 255
 165 239 184 214 247 251 255 255 255 255 255 255 255 255 255 255
 174 120 130 132 145 208 255 255 255 255 255 255 255 255 255 255
 253 252 253 253 251 241 254 254 255 255 255 255 255 255 255 255
 254 253 236 178 130 216 254 254 254 254 255 255 255 255 255 254
 224 158 153 137 218 253 254 254 254 254 254 254 254 254 217 252
 188 112 203 181 230 254 254 254 254 254 254 254 253 186 145 251
 252 246 187 131 147 235 254 254 254 254 254 253 182  89 132 252
 254 254 253 251 219 230 254 254 254 254 254 188  91  88 133 253
 254 254 254 254 253 253 254 254 254 254 184  85  85  83 129 251
 254 254 254 254 254 254 254 254 253 184  84  85  80  81 120 249
 254 254 254 254 254 254 254 253 179  89  85  81  81  83 129 252
 254 254 254 254 254 254 254 198 116 116 112 106 106 105 144 254
 254 254 254 254 254 254 254 252 251 252 251 250 250 251 253 254

 243 254 255 255 255 255 253 247 249 249 250 244 240 244 251 254
 255 255 255 255 255 255 253 179  96  93 100 100  92  99 123 253
 255 255 255 255 255 255 255 250 145  61  71  71  67  69 102 251
 255 255 255 255 255 255 255 254 247 139  57  70  70  70 103 252
 255 255 255 255 255 255 254 254 254 242 140  55  72  71 106 253
 255 255 255 255 255 255 254 254 254 254 245 137  58  73 109 254
 255 255 255 255 255 255 254 254 254 254 254 246 137  64 107 253
 255 255 255 255 255 254 254 254 254 254 254 254 249 134  97 254
 255 255 255 255 255 254 254 254 254 254 254 254 254 248 168 252
 255 255 255 255 255 254 254 254 254 254 254 254 254 254 251 253
 200 190 254 242 181 218 197 253 253 203 211 254 254 254 254 254
 230  82 227 230 103 235  83 194 198 106 215 254 254 254 254 254
 254 178 105 184  95 251 125 113 144 103 252 254 254 254 254 254
 229  96 157 145  93 252 211 117 149 174 254 254 254 254 254 254
 206 100 221 208  89 253 244 104  85 247 254 254 254 254 254 254
 248 173 136 130 159 253 253 193 176 254 254 254 254 254 254 254
 247 244 244 246 248 250 252 252 251 252 253 252 250 252 252 254
 243 243 244 246 248 250 252 195 121 115 117 118 109 114 135 254
 243 243 244 245 248 250 252 251 168  81  84  79  77  79 107 253
 243 243 244 245 248 250 252 254 250 162  77  81  77  76 107 253
 243 243 244 245 248 250 252 254 254 250 168  75  80  79 108 253
 243 243 244 246 249 250 253 254 254 254 252 160  74  81 113 254
 243 243 245 247 249 251 253 254 254 254 254 252 164  78 114 253
 243 244 245 248 250 252 254 254 254 254 254 254 251 160 108 254
 244 245 247 249 251 253 254 254 254 254 254 254 254 249 185 254
 245 247 249 250 252 253 254 254 254 254 254 254 254 254 253 254
 219 199 250 246 192 230 207 253 254 223 222 254 254 254 254 254
 234 115 231 241 127 246 110 208 216 130 218 254 254 254 254 254
 250 200 124 203 113 254 158 131 167 120 253 254 254 254 254 254
 241 129 174 168 113 254 228 143 183 183 254 254 254 254 254 254
 225 121 232 223 104 254 252 134 105 247 254 254 254 254 254 254
 251 194 159 151 168 254 254 209 184 254 254 254 254 254 254 254
 255 255 255 255 255 255 254 252 251 252 253 251 249 252 254 254
 255 255 255 255 255 255 255 217 145 132 133 129 120 129 144 253
 255 255 255 255 255 255 255 254 186  89  88  83  81  83 105 251
 255 255 255 255 255 255 255 254 253 182  91  85  80  81 106 250
 255 255 255 255 255 255 255 254 254 253 188  85  85  81 106 250
 255 255 255 255 255 255 255 254 254 254 254 184  84  85 112 251
 255 255 255 255 255 255 254 254 254 254 254 254 184  89 116 252
 255 255 255 255 255 255 254 254 254 254 254 254 253 179 116 251
 255 255 255 255 255 254 254 254 254 254 254 254 254 253 198 252
 255 255 255 255 255 254 254 254 254 254 254 254 254 254 254 254
 236 218 255 251 208 241 216 253 254 235 230 253 254 254 254 254
 246 136 235 247 145 251 130 218 230 147 219 253 254 254 254 254
 255 218 134 214 132 253 178 137 181 131 251 254 254 254 254 254
 249 149 184 184 130 253 236 153 203 187 253 254 254 254 254 254
 237 136 237 239 120 252 253 158 112 246 254 254 254 254 254 254
 254 207 176 165 174 253 254 224 188 252 254 254 254 254 254 254

 254 253 251 252 253 254 253 254 252 253 254 254 254 254 254 254
 251 123 102 103 106 109 107  97 168 251 254 254 254 254 254 254
 244  99  69  70  71  73  64 134 248 254 254 254 254 254 254 254
 240  92  67  70  72  58 137 249 254 254 254 254 254 254 254 254
 244 100  71  70  55 137 246 254 254 254 254 254 254 254 254 254
 250 100  71  57 140 245 254 254 254 254 211 215 252 254 254 254
 249  93  61 139 242 254 254 254 254 254 203 106 103 174 247 254
 249  96 145 247 254 254 254 254 254 254 253 198 144 149  85 176
 247 179 250 254 254 254 254 254 254 254 253 194 113 117 104 193
 253 253 255 255 254 254 254 254 254 254 197  83 125 211 244 253
 255 255 255 255 255 255 255 254 254 254 218 235 251 252 253 253
 255 255 255 255 255 255 255 255 255 255 181 103  95  93  89 159
 255 255 255 255 255 255 255 255 255 255 242 230 184 145 208 130
 255 255 255 255 255 255 255 255 255 255 254 227 105 157 221 136
 254 255 255 255 255 255 255 255 255 255 190  82 178  96 100 173
 243 255 255 255 255 255 255 255 255 255 200 230 254 229 206 248
 254 254 253 253 253 254 253 254 254 254 254 254 254 254 254 254
 252 135 107 107 108 113 114 108 185 253 254 254 254 254 254 254
 252 114  79  76  79  81  78 160 249 254 254 254 254 254 254 254
 250 109  77  77  80  74 164 251 254 254 254 254 254 254 254 254
 252 118  79  81  75 160 252 254 254 254 254 254 254 254 254 254
 253 117  84  77 168 252 254 254 254 254 222 218 253 254 254 254
 252 115  81 162 250 254 254 254 254 254 223 130 120 183 247 254
 251 121 168 250 254 254 254 254 254 254 254 216 167 183 105 184
 252 195 251 254 254 254 254 254 254 254 253 208 131 143 134 209
 252 252 252 252 252 253 253 254 254 254 207 110 158 228 252 254
 250 250 250 250 250 250 251 252 253 253 230 246 254 254 254 254
 248 248 248 248 248 249 249 250 251 252 192 127 113 113 104 168
 246 246 245 245 245 246 247 248 249 250 246 241 203 168 223 151
 244 244 244 244 244 244 245 245 247 249 250 231 124 174 232 159
 244 243 243 243 243 243 243 244 245 247 199 115 200 129 121 194
 247 243 243 243 243 243 243 243 244 245 219 234 250 241 225 251
 254 253 251 250 250 251 252 251 252 254 254 254 254 254 254 254
 254 144 105 106 106 112 116 116 198 254 254 254 254 254 254 254
 252 129  83  81  81  85  89 179 253 254 254 254 254 254 254 254
 249 120  81  80  85  84 184 253 254 254 254 254 254 254 254 254
 251 129  83  85  85 184 254 254 254 254 253 253 254 254 254 254
 253 133  88  91 188 254 254 254 254 254 230 219 251 253 254 254
 252 132  89 182 253 254 254 254 254 254 235 147 131 187 246 252
 251 145 186 253 254 254 254 254 254 254 254 230 181 203 112 188
 252 217 254 254 254 254 254 254 254 254 253 218 137 153 158 224
 254 255 255 255 255 255 254 254 254 254 216 130 178 236 253 254
 255 255 255 255 255 255 255 255 254 254 241 251 253 253 252 253
 255 255 255 255 255 255 255 255 255 255 208 145 132 130 120 174
 255 255 255 255 255 255 255 255 255 255 251 247 214 184 239 165
 255 255 255 255 255 255 255 255 255 255 255 235 134 184 237 176
 255 255 255 255 255 255 255 255 255 255 218 136 218 149 136 207
 255 255 255 255 255 255 255 255 255 255 236 246 255 249 237 254

