 238 208 217 244 223 187 254 255 255 255 255 255 255 255 255 254
 174  62  75 161  65 162 253 255 255 255 255 255 255 255 254 254
 128 169 143  74 197 244 254 255 255 255 255 255 255 255 255 255
 124 167 138 152 205 223 252 255 255 255 255 255 255 255 255 255
 144  80  89  87  79 142 248 255 255 255 255 255 255 255 254 254
 239 247 243 235 223 202 253 255 255 255 255 255 254 253 252 250
 239 240 202 109  70 169 249 255 255 255 255 255 252 252 231 242
 182  86  98  96 164 237 249 254 255 255 255 255 253 232 136 236
 165  70 140 135 166 237 243 253 255 255 255 255 236  97  76 235
 242 236 173  86  86 179 237 248 254 255 252 232 103  56  85 229
 247 247 233 228 201 181 237 248 252 251 235  99  51  61  82 228
 238 248 240 233 232 234 239 247 248 232 108  55  59  60  80 224
 244 251 245 235 232 229 237 242 230 110  54  57  58  59  84 221
 236 248 238 233 235 227 228 224 101  55  67  58  58  60  99 220
 234 238 232 230 229 224 222 147  91  92 101  97  99  95 132 228
 224 228 221 227 222 222 222 229 237 236 235 230 231 226 230 227
 254 229 238 250 236 205 244 243 242 242 242 242 244 244 244 244
 197  86 104 187  93 182 245 243 242 242 242 242 243 243 244 245
 146 198 155  96 210 249 245 243 242 242 242 242 243 243 243 244
 143 200 152 176 235 237 246 243 243 242 242 243 243 243 244 245
 158  97  97 105  99 163 248 244 243 243 243 243 244 245 245 245
 254 249 250 248 240 222 248 245 244 243 243 243 245 245 246 246
 255 253 224 142  97 188 250 247 246 245 244 245 247 247 242 249
 207 111 112 108 185 254 252 250 248 247 246 246 248 242 170 250
 178  88 164 148 188 254 253 252 250 249 249 249 244 131 107 250
 254 242 178 101 109 206 255 254 252 252 251 244 130  73 108 252
 254 254 255 252 214 203 255 254 254 254 250 130  65  71 103 252
 254 254 255 255 254 254 255 254 254 249 135  66  68  66  99 252
 254 254 254 254 255 255 255 254 248 134  67  67  65  66 100 253
 254 254 255 255 254 255 255 246 130  69  71  66  66  67 109 252
 254 255 255 254 255 254 252 168 105 100 107 104 104  99 141 250
 254 255 255 254 254 253 253 251 254 253 250 251 248 249 247 252
 254 242 246 255 247 224 255 255 255 255 255 255 255 255 255 255
 209 106 125 206 114 198 255 255 255 255 255 255 255 255 255 255
 167 207 164 113 218 255 255 255 255 255 255 255 255 255 255 255
 163 215 165 191 247 249 255 255 255 255 255 255 255 255 255 255
 171 112 112 120 119 182 255 255 255 255 255 255 255 255 255 255
 253 249 250 252 248 233 255 255 255 255 255 255 255 255 255 255
 254 254 236 169 122 205 255 255 255 255 255 255 255 255 252 255
 221 134 132 118 193 255 255 255 255 255 255 255 255 252 196 255
 188  96 185 168 204 255 255 255 255 255 255 255 253 158 124 255
 254 243 182 106 128 222 254 254 254 255 255 251 155  80 125 254
 254 254 254 251 213 211 254 253 254 254 254 155  77  76 117 255
 254 254 254 254 255 255 254 254 254 251 162  74  73  72 113 255
 254 254 254 254 255 255 255 254 252 160  77  72  69  71 114 254
 254 254 255 255 255 255 255 251 159  83  74  72  69  71 121 253
 255 255 255 255 255 255 254 190 109 105 108 108 107  98 149 254
 255 255 255 255 255 255 255 253 251 254 251 252 253 254 254 255

 254 254 255 255 254 250 242 236 235 229 228 224 221 220 228 227
 255 254 255 255 254 252 231 136  76  85  82  80  84  99 132 230
 255 255 255 255 255 253 252 232  97  56  61  60  59  60  95 226
 255 255 255 255 255 254 252 253 236 103  51  59  58  58  99 231
 255 255 255 255 255 255 255 255 255 232  99  55  57  58  97 230
 255 255 255 255 255 255 255 255 255 252 235 108  54  67 101 235
 255 255 255 255 255 255 255 255 255 255 251 232 110  55  92 236
 255 255 255 255 255 255 255 255 255 254 252 248 230 101  91 237
 255 255 255 255 255 255 255 254 253 248 248 247 242 224 147 229
 254 253 254 252 248 253 249 249 243 237 237 239 237 228 222 222
 187 162 244 223 142 202 169 237 237 179 181 234 229 227 224 222
 223  65 197 205  79 223  70 164 166  86 201 232 232 235 229 222
 244 161  74 152  87 235 109  96 135  86 228 233 235 233 230 227
 217  75 143 138  89 243 202  98 140 173 233 240 245 238 232 221
 208  62 169 167  80 247 240  86  70 236 247 248 251 248 238 228
 238 174 128 124 144 239 239 182 165 242 247 238 244 236 234 224
 244 245 244 245 245 246 249 250 250 252 252 252 253 252 250 252
 244 244 243 244 245 246 242 170 107 108 103  99 100 109 141 247
 244 243 243 243 245 245 247 242 131  73  71  66  66  67  99 249
 244 243 243 243 244 245 247 248 244 130  65  68  65  66 104 248
 242 242 242 243 243 243 245 246 249 244 130  66  67  66 104 251
 242 242 242 242 243 243 244 246 249 251 250 135  67  71 107 250
 242 242 242 242 243 243 245 247 249 252 254 249 134  69 100 253
 242 242 242 243 243 244 246 248 250 252 254 254 248 130 105 254
 243 243 243 243 244 245 247 250 252 254 254 254 254 246 168 251
 244 245 245 246 248 248 250 252 253 255 255 255 255 255 252 253
 205 182 249 237 163 222 188 254 254 206 203 254 255 255 254 253
 236  93 210 235  99 240  97 185 188 109 214 254 255 254 255 254
 250 187  96 176 105 248 142 108 148 101 252 255 254 255 254 254
 238 104 155 152  97 250 224 112 164 178 255 255 254 255 255 255
 229  86 198 200  97 249 253 111  88 242 254 254 254 254 255 255
 254 197 146 143 158 254 255 207 178 254 254 254 254 254 254 254
 255 255 255 255 255 255 255 255 255 254 255 255 254 253 254 255
 255 255 255 255 255 255 252 196 124 125 117 113 114 121 149 254
 255 255 255 255 255 255 255 252 158  80  76  72  71  71  98 254
 255 255 255 255 255 255 255 255 253 155  77  73  69  69 107 253
 255 255 255 255 255 255 255 255 255 251 155  74  72  72 108 252
 255 255 255 255 255 255 255 255 255 255 254 162  77  74 108 251
 255 255 255 255 255 255 255 255 255 255 254 251 160  83 105 254
 255 255 255 255 255 255 255 255 255 254 254 254 252 159 109 251
 255 255 255 255 255 255 255 255 255 254 253 254 254 251 190 253
 255 255 255 255 255 255 255 255 255 254 254 254 255 255 254 255
 224 198 255 249 182 233 205 255 255 222 211 255 255 255 255 255
 247 114 218 247 119 248 122 193 204 128 213 255 255 255 255 255
 255 206 113 191 120 252 169 118 168 106 251 254 254 255 255 255
 246 125 164 165 112 250 236 132 185 182 254 254 254 255 255 255
 242 106 207 215 112 249 254 134  96 243 254 254 254 254 255 255
 254 209 167 163 171 253 254 221 188 254 254 254 254 254 255 255

 227 230 226 231 230 235 236 237 229 222 222 222 227 221 228 224
 228 132  95  99  97 101  92  91 147 222 224 229 230 232 238 234
 220  99  60  58  58  67  55 101 224 228 227 235 233 238 248 236
 221  84  59  58  57  54 110 230 242 237 229 232 235 245 251 244
 224  80  60  59  55 108 232 248 247 239 234 232 233 240 248 238
 228  82  61  51  99 235 251 252 248 237 181 201 228 233 247 247
 229  85  56 103 232 252 255 254 248 237 179  86  86 173 236 242
 235  76  97 236 255 255 255 255 253 243 237 166 135 140  70 165
 236 136 232 253 255 255 255 255 254 249 237 164  96  98  86 182
 242 231 252 252 255 255 255 255 255 249 169  70 109 202 240 239
 250 252 253 254 255 255 255 255 255 253 202 223 235 243 247 239
 254 254 255 255 255 255 255 255 255 248 142  79  87  89  80 144
 255 255 255 255 255 255 255 255 255 252 223 205 152 138 167 124
 255 255 255 255 255 255 255 255 255 254 244 197  74 143 169 128
 254 254 255 255 255 255 255 255 255 253 162  65 161  75  62 174
 254 255 255 255 255 255 255 255 255 254 187 223 244 217 208 238
 252 247 249 248 251 250 253 254 251 253 253 254 254 255 255 254
 250 141  99 104 104 107 100 105 168 252 254 255 254 255 255 254
 252 109  67  66  66  71  69 130 246 255 255 254 255 255 254 254
 253 100  66  65  67  67 134 248 254 255 255 255 254 254 254 254
 252  99  66  68  66 135 249 254 254 255 254 254 255 255 254 254
 252 103  71  65 130 250 254 254 254 255 203 214 252 255 254 254
 252 108  73 130 244 251 252 252 254 255 206 109 101 178 242 254
 250 107 131 244 249 249 249 250 252 253 254 188 148 164  88 178
 250 170 242 248 246 246 247 248 250 252 254 185 108 112 111 207
 249 242 247 247 245 244 245 246 247 250 188  97 142 224 253 255
 246 246 245 245 243 243 243 244 245 248 222 240 248 250 249 254
 245 245 245 244 243 243 243 243 244 248 163  99 105  97  97 158
 245 244 243 243 243 242 242 243 243 246 237 235 176 152 200 143
 244 243 243 243 242 242 242 242 243 245 249 210  96 155 198 146
 245 244 243 243 242 242 242 242 243 245 182  93 187 104  86 197
 244 244 244 244 242 242 242 242 243 244 205 236 250 238 229 254
 255 254 254 253 252 251 254 251 253 255 255 255 255 255 255 255
 254 149  98 107 108 108 105 109 190 254 255 255 255 255 255 255
 253 121  71  69  72  74  83 159 251 255 255 255 255 255 254 254
 254 114  71  69  72  77 160 252 254 255 255 255 254 254 254 254
 255 113  72  73  74 162 251 254 254 254 255 255 254 254 254 254
 255 117  76  77 155 254 254 254 253 254 211 213 251 254 254 254
 254 125  80 155 251 255 255 254 254 254 222 128 106 182 243 254
 255 124 158 253 255 255 255 255 255 255 255 204 168 185  96 188
 255 196 252 255 255 255 255 255 255 255 255 193 118 132 134 221
 255 252 255 255 255 255 255 255 255 255 205 122 169 236 254 254
 255 255 255 255 255 255 255 255 255 255 233 248 252 250 249 253
 255 255 255 255 255 255 255 255 255 255 182 119 120 112 112 171
 255 255 255 255 255 255 255 255 255 255 249 247 191 165 215 163
 255 255 255 255 255 255 255 255 255 255 255 218 113 164 207 167
 255 255 255 255 255 255 255 255 255 255 198 114 206 125 106 209
 255 255 255 255 255 255 255 255 255 255 224 247 255 246 242 254

 224 234 236 244 238 247 242 165 182 239 239 144 124 128 174 238
 228 238 248 251 248 247 236  70  86 240 247  80 167 169  62 208
 221 232 238 245 240 233 173 140  98 202 243  89 138 143  75 217
 227 230 233 235 233 228  86 135  96 109 235  87 152  74 161 244
 222 229 235 232 232 201  86 166 164  70 223  79 205 197  65 223
 222 224 227 229 234 181 179 237 237 169 202 142 223 244 162 187
 222 222 228 237 239 237 237 243 249 249 253 248 252 254 253 254
 229 147 224 242 247 248 248 253 254 255 255 255 255 255 255 255
 237  91 101 230 248 252 254 255 255 255 255 255 255 255 255 255
 236  92  55 110 232 251 255 255 255 255 255 255 255 255 255 255
 235 101  67  54 108 235 252 255 255 255 255 255 255 255 255 255
 230  97  58  57  55  99 232 255 255 255 255 255 255 255 255 255
 231  99  58  58  59  51 103 236 253 252 254 255 255 255 255 255
 226  95  60  59  60  61  56  97 232 252 253 255 255 255 255 255
 230 132  99  84  80  82  85  76 136 231 252 254 255 255 254 255
 227 228 220 221 224 228 229 235 236 242 250 254 255 255 254 254
 254 254 254 254 254 254 254 178 207 255 254 158 143 146 197 254
 255 255 254 254 254 254 242  88 111 253 249  97 200 198  86 229
 255 255 255 254 255 255 178 164 112 224 250  97 152 155 104 238
 254 254 255 254 255 252 101 148 108 142 248 105 176  96 187 250
 254 255 254 255 254 214 109 188 185  97 240  99 235 210  93 236
 253 254 255 255 254 203 206 254 254 188 222 163 237 249 182 205
 253 252 255 255 255 255 255 253 252 250 248 248 246 245 245 244
 251 168 246 254 254 254 254 252 250 247 245 244 243 243 243 243
 254 105 130 248 254 254 252 250 248 246 244 243 243 242 242 242
 253 100  69 134 249 254 252 249 247 245 243 243 242 242 242 242
 250 107  71  67 135 250 251 249 246 244 243 243 242 242 242 242
 251 104  66  67  66 130 244 249 246 245 243 243 243 242 242 242
 248 104  66  65  68  65 130 244 248 247 245 244 243 243 243 244
 249  99  67  66  66  71  73 131 242 247 245 245 243 243 243 244
 247 141 109 100  99 103 108 107 170 242 246 245 244 243 244 244
 252 250 252 253 252 252 252 250 250 249 246 245 245 244 245 244
 255 255 254 254 254 254 254 188 221 254 253 171 163 167 209 254
 255 255 254 254 254 254 243  96 134 254 249 112 215 207 106 242
 255 255 255 254 254 254 182 185 132 236 250 112 165 164 125 246
 255 255 255 254 254 251 106 168 118 169 252 120 191 113 206 255
 255 255 255 255 255 213 128 204 193 122 248 119 247 218 114 247
 255 255 255 255 255 211 222 255 255 205 233 182 249 255 198 224
 255 254 255 255 254 254 254 255 255 255 255 255 255 255 255 255
 253 190 251 254 254 253 254 255 255 255 255 255 255 255 255 255
 251 109 159 252 254 254 254 255 255 255 255 255 255 255 255 255
 254 105  83 160 251 254 255 255 255 255 255 255 255 255 255 255
 251 108  74  77 162 254 255 255 255 255 255 255 255 255 255 255
 252 108  72  72  74 155 251 255 255 255 255 255 255 255 255 255
 253 107  69  69  73  77 155 253 255 255 255 255 255 255 255 255
 254  98  71  71  72  76  80 158 252 255 255 255 255 255 255 255
 254 149 121 114 113 117 125 124 196 252 255 255 255 255 255 255
 255 254 253 254 255 255 254 255 255 255 255 255 255 255 255 255

